 Au Density=19.32
 Energy(eV), Delta, Beta
  50.  0.171315938  0.205858231
  50.301075  0.168967187  0.203671128
  50.6039696  0.166733682  0.201589003
  50.90868  0.164988309  0.199978739
  51.2152252  0.163260847  0.198381305
  51.5236206  0.161678985  0.196796492
  51.8338737  0.160248429  0.195224166
  52.1459923  0.158829018  0.193664491
  52.4599915  0.157484993  0.192117706
  52.7758789  0.1561656  0.190583453
  53.0936737  0.154854432  0.189061344
  53.413372  0.153547272  0.187551081
  53.7350044  0.152249187  0.186052769
  54.0585709  0.15085417  0.184703961
  54.3840866  0.14934893  0.183523655
  54.7115631  0.147858128  0.182350919
  55.041008  0.146744356  0.18147555
  55.3724403  0.14573136  0.18068108
  55.7058678  0.144758597  0.179890156
  56.0413017  0.144063413  0.179102942
  56.3787575  0.143364266  0.178319305
  56.7182426  0.142782047  0.177538887
  57.0597725  0.142342389  0.176761806
  57.4033623  0.141892865  0.175988108
  57.7490158  0.141699135  0.175217807
  58.096756  0.141567364  0.174451008
  58.4465866  0.141479403  0.173660129
  58.7985229  0.141918868  0.172627032
  59.1525803  0.142327666  0.171600044
  59.50877  0.142652377  0.170383394
  59.8671036  0.14287746  0.168914974
  60.2275963  0.143076688  0.1674591
  60.5902557  0.143262401  0.166016176
  60.955101  0.143427044  0.164585754
  61.3221474  0.143593684  0.163167611
  61.6913986  0.144029379  0.161761373
  62.0628777  0.14443405  0.160367206
  62.4365883  0.145120069  0.158692762
  62.8125534  0.146213442  0.156619042
  63.1907806  0.147260085  0.154572457
  63.5712852  0.147741765  0.152031869
  63.9540787  0.148007289  0.149350345
  64.3391876  0.148226708  0.146713749
  64.7266006  0.148150012  0.144090116
  65.1163559  0.148053989  0.141513377
  65.5084534  0.147828639  0.138866335
  65.902916  0.147417828  0.136091322
  66.2997513  0.146995664  0.133371845
  66.6989822  0.146346271  0.130706742
  67.1006088  0.145607829  0.128094897
  67.5046539  0.144855186  0.12553525
  67.9111328  0.143876001  0.123026721
  68.3200684  0.142899483  0.120568372
  68.7314606  0.141810954  0.118159205
  69.1453247  0.140537858  0.115798235
  69.5616837  0.13927491  0.113484427
  69.9805527  0.137901977  0.111531474
  70.4019394  0.136491284  0.109744467
  70.8258743  0.135100037  0.107989863
  71.2523499  0.133906022  0.106391735
  71.6813965  0.13272123  0.104817234
  72.1130295  0.13156341  0.10326615
  72.5472641  0.130445957  0.101738207
  72.984108  0.129336461  0.100232899
  73.423584  0.128196806  0.0987951234
  73.8657074  0.127048537  0.0973986536
  74.3104858  0.125910863  0.0960232094
  74.7579498  0.124914132  0.0947838277
  75.208107  0.123923212  0.0935604572
  75.6609802  0.122983128  0.0923528522
  76.1165771  0.122134916  0.0911608785
  76.574913  0.121289484  0.0899843052
  77.0360107  0.120585032  0.0887267143
  77.4998856  0.119948804  0.0874390677
  77.9665527  0.119310588  0.0861700922
  78.4360275  0.118494421  0.0847031772
  78.9083328  0.117679469  0.0832596943
  79.3834839  0.1168264  0.0818406492
  79.8614883  0.115891516  0.0804456249
  80.3423843  0.11496225  0.0790743679
  80.8261642  0.113927372  0.0777266324
  81.3128586  0.112840973  0.0764019415
  81.8024902  0.111764275  0.0750997737
  82.2950668  0.110204421  0.0743495971
  82.7906036  0.108653471  0.0736203492
  83.2891312  0.107586749  0.0732045919
  83.790657  0.107584462  0.0734983906
  84.2952042  0.107566886  0.0737933367
  84.8027954  0.10770084  0.072853595
  85.3134384  0.107912764  0.0712184682
  85.8271561  0.108104289  0.0696200207
  86.3439713  0.10788662  0.068026796
  86.863884  0.107641503  0.0664688274
  87.38694  0.107307374  0.0648738295
  87.913147  0.106768139  0.0631395876
  88.4425201  0.106226481  0.0614517108
  88.9750748  0.105548248  0.059808854
  89.5108414  0.104787022  0.0582097657
  90.0498352  0.104028881  0.0566535033
  90.5920715  0.103192262  0.0551389642
  91.1375732  0.102355629  0.0536649115
  91.6863632  0.101489723  0.0521885119
  92.2384491  0.100536346  0.0506414361
  92.793869  0.0995912701  0.0491401516
  93.3526306  0.0985463038  0.0476805456
  93.9147568  0.0974392369  0.0462623574
  94.4802628  0.0963445827  0.0448863767
  95.0491867  0.0951016769  0.0436652973
  95.6215286  0.0938613117  0.0424869247
  96.1973114  0.0926501453  0.0413644612
  96.7765656  0.0914935991  0.0403424315
  97.359314  0.0903514326  0.0393456519
  97.9455566  0.0892380998  0.038373515
  98.5353394  0.0881490186  0.0374253467
  99.1286774  0.0870732144  0.0365006365
  99.7255783  0.0860151201  0.0355987698
  100.326088  0.0849703327  0.0347191803
  100.930199  0.0839372277  0.0338475741
  101.537956  0.0829132348  0.0329532996
  102.149368  0.0819017515  0.0320827067
  102.764465  0.0808683857  0.0312223453
  103.38327  0.0798213929  0.0303752869
  104.005791  0.0787878931  0.0295512136
  104.632057  0.0777227655  0.0287493132
  105.2621  0.0766660944  0.0279691033
  105.89595  0.0756120458  0.0272101387
  106.5336  0.0745304152  0.0264718942
  107.175102  0.0734638274  0.0257536769
  107.82045  0.0723885968  0.0250951778
  108.469704  0.071308814  0.0244868211
  109.122849  0.0702445358  0.0238932427
  109.77993  0.0692207366  0.0233405977
  110.440979  0.0682151318  0.0228046607
  111.106003  0.0672263429  0.0222810395
  111.775032  0.0662621334  0.0217694696
  112.448082  0.0653113946  0.0212696642
  113.125191  0.0643718988  0.0207813252
  113.806381  0.0634437352  0.0203041937
  114.491669  0.0625285506  0.0198380109
  115.181091  0.0616174936  0.0193825811
  115.874649  0.0607178099  0.0189376399
  116.572395  0.0598292425  0.0185056049
  117.274345  0.0589460619  0.0180956144
  117.980507  0.0580754466  0.0176947098
  118.690933  0.0572194047  0.0173059516
  119.40564  0.0563776717  0.0169288795
  120.124641  0.0555478893  0.0165600274
  120.847977  0.0547291003  0.01619922
  121.575668  0.0539217927  0.0158462767
  122.307732  0.0531255268  0.0155010074
  123.04422  0.0523383543  0.0151632475
  123.785126  0.0515624173  0.0148328487
  124.530502  0.0507974811  0.0145096788
  125.280365  0.0500434004  0.0141935786
  126.034752  0.0493000634  0.0138843516
  126.793671  0.0485897586  0.013564623
  127.557159  0.0478944182  0.0132484278
  128.325241  0.0472012572  0.0129317148
  129.097961  0.0464734398  0.0125765679
  129.87532  0.0457562804  0.0122311804
  130.657379  0.0450224206  0.0118952738
  131.444138  0.0442693271  0.0115686255
  132.235641  0.0435278006  0.0112509467
  133.031891  0.0427357629  0.0109697282
  133.832947  0.0419408232  0.0107024433
  134.638824  0.0411628261  0.0104518011
  135.449554  0.0404256992  0.0102767255
  136.265167  0.0397003107  0.0101045845
  137.085693  0.0389936119  0.00993532315
  137.911148  0.038306687  0.00976889394
  138.741592  0.0376305729  0.00960524566
  139.577026  0.036963962  0.00944434665
  140.417496  0.0363075621  0.00928614195
  141.263016  0.0356597304  0.0091305906
  142.113647  0.0350070931  0.00897765998
  142.969376  0.0343649611  0.00882729236
  143.830276  0.0337176658  0.00869593862
  144.69635  0.0330610089  0.00858778413
  145.567657  0.0324152112  0.00848097168
  146.444183  0.0317995436  0.00840163603
  147.326004  0.0311999395  0.00833115913
  148.213135  0.0306113902  0.00826127362
  149.105606  0.0300455056  0.00819197018
  150.003448  0.0294887666  0.00812324788
  150.906708  0.028939981  0.00805510953
  151.815384  0.0283986349  0.00798755698
  152.729553  0.0278660692  0.00792056974
  153.649216  0.0273342561  0.00785412267
  154.574417  0.0268084798  0.00778822741
  155.505188  0.026288962  0.00772357173
  156.441574  0.0257470049  0.00766839739
  157.383591  0.0252142251  0.00761362119
  158.331268  0.024694737  0.00758123957
  159.284668  0.0241903421  0.00758218998
  160.243805  0.0236944724  0.00758314272
  161.208725  0.0232166965  0.00758407731
  162.179443  0.022750549  0.00758501375
  163.156021  0.0222924054  0.00758594042
  164.138458  0.0218449757  0.00758682797
  165.126831  0.0214050468  0.00758771366
  166.121155  0.0209695622  0.00758862263
  167.121445  0.0205366947  0.00758957257
  168.127777  0.0201111529  0.00759052811
  169.140167  0.0196663849  0.00760787074
  170.158646  0.0192186255  0.00763201807
  171.183258  0.0187797192  0.00765766064
  172.21405  0.018373942  0.00772136403
  173.251038  0.0179751962  0.00778558664
  174.294266  0.017591197  0.00785037596
  175.343781  0.0172274131  0.00791576225
  176.399628  0.0168698039  0.00798169337
  177.461823  0.0165246818  0.00804811809
  178.530426  0.0161882117  0.00811508577
  179.605438  0.0158575661  0.00818259828
  180.686935  0.0155395484  0.00825068355
  181.774948  0.0152268624  0.0083193332
  182.869522  0.0149217471  0.00838898029
  183.970673  0.0146261249  0.00845998805
  185.078461  0.0143354321  0.00853159372
  186.192902  0.0140548954  0.00860429276
  187.314072  0.0137815541  0.00867784675
  188.441986  0.013512738  0.00875203125
  189.576691  0.0132564185  0.00882693566
  190.718246  0.0130042825  0.0089024948
  191.866653  0.0127590643  0.0089786537
  193.021988  0.0125234537  0.00905539468
  194.18428  0.0122916512  0.00913279317
  195.353561  0.0120702153  0.00921091251
  196.529892  0.011855768  0.00928970799
  197.713303  0.011644721  0.00936917868
  198.903839  0.0114535652  0.00944656599
  200.101547  0.011265602  0.00952454284
  201.306458  0.011082558  0.0096001951
  202.518631  0.0109068183  0.0096697472
  203.738098  0.0107336957  0.00973979943
  204.96492  0.010567965  0.00981035549
  206.199127  0.010407364  0.00988141634
  207.440765  0.0102490894  0.0099530099
  208.68985  0.0101064332  0.0100251716
  209.946487  0.00996620581  0.0100978576
  211.210709  0.00983823743  0.0101703024
  212.482498  0.00973664224  0.01024142
  213.761978  0.00963606872  0.0103130313
  215.049149  0.00953761768  0.0103562549
  216.34407  0.00944081228  0.0103818476
  217.64679  0.00934496056  0.0104075037
  218.957352  0.00924177282  0.0104332166
  220.275803  0.00913926121  0.0104589919
  221.602219  0.00903839711  0.0104848258
  222.9366  0.00893999357  0.0105106663
  224.279022  0.00884265173  0.0105365729
  225.629517  0.00874985754  0.0105625866
  226.988144  0.00866030343  0.0105886953
  228.35498  0.00857163966  0.0106148776
  229.730011  0.0084949946  0.0106410878
  231.113342  0.00841979217  0.0106673548
  232.50499  0.00834827218  0.0106893042
  233.905029  0.00828611944  0.0106985765
  235.313507  0.00822426192  0.0107078664
  236.730453  0.00816122722  0.010712509
  238.155945  0.00809748843  0.0107138418
  239.589981  0.00803411193  0.010715181
  241.0327  0.00797093567  0.0107164476
  242.48407  0.00790811051  0.0107177095
  243.944199  0.00784694124  0.0107189938
  245.413116  0.0077901748  0.0107203117
  246.890884  0.00773364492  0.0107216248
  248.377533  0.00768511882  0.0107229445
  249.873138  0.00764253037  0.0107242679
  251.377777  0.00759986648  0.0107255997
  252.891449  0.00756082218  0.0107104601
  254.414246  0.00752206007  0.0106933909
  255.946213  0.00748261902  0.0106759407
  257.487396  0.00744121242  0.0106570777
  259.037842  0.00739972899  0.0106382482
  260.597656  0.00735959178  0.0106194578
  262.16687  0.00732050464  0.0106006898
  263.745483  0.00728130434  0.0105819562
  265.333649  0.00724667776  0.0105632646
  266.931366  0.00721249962  0.0105446167
  268.538696  0.00718023395  0.0105259903
  270.155701  0.00715596043  0.0105073946
  271.782471  0.00713124173  0.0104888268
  273.419037  0.00711443275  0.0104614049
  275.06543  0.0071042832  0.0104262158
  276.72171  0.00709336344  0.0103911459
  278.388031  0.00707499497  0.0103439474
  280.064331  0.00705496641  0.0102949571
  281.750763  0.00703320047  0.0102461977
  283.447327  0.00700572412  0.0101976832
  285.154114  0.00697789714  0.0101493914
  286.871185  0.00694963802  0.0101013174
  288.598572  0.00692097005  0.0100534651
  290.336365  0.00689199567  0.010005841
  292.084656  0.00686345855  0.00995847024
  293.843445  0.00683475425  0.00991132203
  295.612823  0.00680607557  0.00986439642
  297.392883  0.00677865976  0.0098176701
  299.183624  0.0067509301  0.00977116637
  300.985168  0.00672437716  0.00972488895
  302.797546  0.00669898978  0.00967884157
  304.62085  0.00667325361  0.00963301491
  306.45517  0.00665203063  0.00958738569
  308.300476  0.00663139857  0.00954197161
  310.156921  0.00661084102  0.00949537754
  312.024536  0.00659281109  0.0094411606
  313.903412  0.00657426426  0.00938725006
  315.793579  0.00655441964  0.00933241472
  317.695129  0.00653324416  0.00927655958
  319.608154  0.0065116398  0.00922103785
  321.532684  0.00648905942  0.00916584861
  323.468811  0.00646595145  0.00911098346
  325.416565  0.00644265441  0.00905644987
  327.376068  0.00642017694  0.00900223572
  329.347382  0.00639731716  0.00894834567
  331.330566  0.00637505436  0.00889478717
  333.325684  0.00635352451  0.0088415565
  335.332794  0.00633160211  0.00878864434
  337.35202  0.00631166017  0.00873604417
  339.383392  0.00629192544  0.00868376065
  341.427002  0.00627227873  0.0086317854
  343.48291  0.0062561417  0.00858010817
  345.551208  0.00623949245  0.00852874015
  347.631958  0.00622697966  0.0084774876
  349.72522  0.00621965807  0.00842630584
  351.831116  0.00621162169  0.00837543327
  353.949677  0.00620207377  0.00831027329
  356.080994  0.00619161734  0.0082412716
  358.225128  0.00618010573  0.0081728464
  360.382202  0.00616408698  0.00810499396
  362.552246  0.00614757091  0.0080377087
  364.735352  0.00612960244  0.00797097571
  366.931641  0.00610989286  0.007904795
  369.141113  0.00608977629  0.0078391619
  371.363922  0.00606905576  0.00777407782
  373.600098  0.00604789378  0.00770953624
  375.849762  0.00602640631  0.00764553016
  378.112946  0.00600492395  0.00758206146
  380.389771  0.00598309701  0.00751911988
  382.680267  0.00596134691  0.00745670032
  384.984589  0.00593985664  0.00739479437
  387.302795  0.00591803016  0.00733340159
  389.634949  0.00589720206  0.00727251591
  391.98114  0.0058764969  0.00721213361
  394.341461  0.0058557014  0.0071522533
  396.716034  0.00583844073  0.00709286658
  399.104858  0.00582075864  0.00703397673
  401.508087  0.0058039194  0.00697240606
  403.925751  0.00578859169  0.00690643024
  406.358002  0.00577280205  0.00684107561
  408.804901  0.0057541104  0.00677353982
  411.26651  0.00573407952  0.0067055705
  413.742981  0.00571357878  0.00663828058
  416.234344  0.0056899013  0.0065716519
  418.740753  0.00566597423  0.00650569145
  421.262177  0.00564153912  0.00644039689
  423.798859  0.005616426  0.00637576124
  426.350739  0.00559110753  0.00631177658
  428.91803  0.00556540815  0.00624842988
  431.500763  0.00553944753  0.00618571788
  434.09906  0.00551331602  0.00612363452
  436.712982  0.00548712676  0.00606217096
  439.342682  0.00546077918  0.00600132486
  441.98819  0.00543473056  0.00594109297
  444.649658  0.00540934596  0.00588147109
  447.327148  0.0053837928  0.00582244806
  450.020691  0.00535893766  0.00576238474
  452.730499  0.00533430511  0.00570218032
  455.456635  0.00530948536  0.00564258639
  458.199219  0.00528269773  0.00558138825
  460.958252  0.00525579462  0.00552085647
  463.733917  0.0052283979  0.00546098128
  466.526306  0.00520015648  0.00540175848
  469.33551  0.0051718466  0.00534317829
  472.161621  0.0051431004  0.00528523559
  475.004761  0.00511411717  0.0052279206
  477.865021  0.00508509343  0.0051712268
  480.742493  0.00505573768  0.00511514023
  483.637299  0.00502635725  0.00505966274
  486.54953  0.0049969079  0.00500478828
  489.479309  0.00496734213  0.00495051499
  492.426727  0.00493777031  0.00489682984
  495.391907  0.0049081794  0.00484372536
  498.374878  0.0048785843  0.00479119737
  501.375854  0.00484899757  0.00473923795
  504.394897  0.00481971307  0.00468783872
  507.43219  0.00479044393  0.00463699456
  510.487701  0.00476121064  0.00458652899
  513.561584  0.00473204721  0.00453621242
  516.653992  0.00470290286  0.0044864472
  519.765015  0.00467363419  0.00443711178
  522.894836  0.00464430917  0.00438824994
  526.043457  0.00461501814  0.00433992501
  529.21106  0.00458573177  0.00429212907
  532.397705  0.00455648778  0.00424485793
  535.603577  0.00452731084  0.0041981088
  538.828735  0.00449824333  0.00415187515
  542.073303  0.00446922518  0.00410615094
  545.337402  0.00444037048  0.00406093011
  548.621155  0.00441164104  0.00401620753
  551.924683  0.00438296283  0.00397197902
  555.248108  0.00435462594  0.0039282362
  558.591553  0.00432635983  0.00388497603
  561.955139  0.00429834332  0.00384213775
  565.338989  0.00427091634  0.00379962684
  568.743164  0.00424353126  0.00375758717
  572.167847  0.0042161122  0.00371551979
  575.61322  0.00418868847  0.00367358839
  579.079285  0.0041613197  0.00363213057
  582.566223  0.00413395884  0.00359114446
  586.074158  0.00410665339  0.00355062191
  589.60321  0.00407944713  0.00351055502
  593.153503  0.00405241782  0.00347093795
  596.72522  0.00402545277  0.00343176723
  600.31842  0.00399871171  0.00339303911
  603.933289  0.00397215178  0.00335474731
  607.569885  0.00394565519  0.00331688928
  611.228394  0.00391958514  0.00327945733
  614.908875  0.00389361451  0.00324244914
  618.611572  0.00386783155  0.00320585794
  622.336548  0.00384253287  0.00316968001
  626.083984  0.00381728564  0.00313391024
  629.853943  0.00379255367  0.0030985442
  633.646667  0.00376823032  0.00306357769
  637.462158  0.00374394818  0.00302900537
  641.300659  0.00372119853  0.00299482397
  645.162292  0.00369865075  0.0029610279
  649.047119  0.00367655559  0.00292691216
  652.955383  0.00365610118  0.00289059919
  656.887207  0.00363561069  0.00285473675
  660.842651  0.00361411017  0.00281781796
  664.82196  0.00359177031  0.00278010685
  668.825195  0.0035694493  0.00274290028
  672.852539  0.0035454249  0.00270619569
  676.904175  0.0035212012  0.00266998261
  680.980103  0.00349692488  0.00263425382
  685.080688  0.00347220385  0.00259899814
  689.205872  0.00344757456  0.00256421464
  693.356018  0.00342279393  0.00252989889
  697.531006  0.00339789409  0.00249604532
  701.731262  0.00337309996  0.00246264297
  705.956726  0.00334812538  0.00242968788
  710.207703  0.00332321413  0.00239717239
  714.484192  0.00329834875  0.00236509321
  718.786499  0.0032732659  0.00233344361
  723.114685  0.00324831204  0.00230221846
  727.468994  0.00322345155  0.00227158749
  731.849426  0.00319868606  0.00224153884
  736.256287  0.00317405234  0.00221188762
  740.689636  0.00314963958  0.00218263851
  745.14978  0.00312537514  0.00215377752
  749.636719  0.00310125435  0.00212529907
  754.150635  0.00307733566  0.00209719851
  758.691772  0.00305354618  0.00206946931
  763.260254  0.00302995485  0.00204210589
  767.856262  0.00300656352  0.00201510405
  772.479919  0.00298330025  0.00198845821
  777.13147  0.00296031474  0.00196216605
  781.810974  0.00293748756  0.00193622138
  786.518677  0.00291493884  0.00191061944
  791.2547  0.00289345393  0.00188535114
  796.019287  0.00287206727  0.00186041649
  800.8125  0.00285067991  0.00183498638
  805.634583  0.00282928254  0.00180897652
  810.485718  0.00280798995  0.00178333512
  815.36615  0.00278627221  0.00175805565
  820.275879  0.00276453793  0.00173313438
  825.215271  0.00274291006  0.00170856598
  830.184265  0.00272129173  0.00168434775
  835.183228  0.00269979797  0.00166047248
  840.212341  0.00267845206  0.00163693633
  845.271667  0.00265725888  0.00161373441
  850.361511  0.00263619074  0.00159086066
  855.481995  0.00261534774  0.00156831101
  860.633301  0.00259465585  0.00154608081
  865.815613  0.00257426081  0.00152415445
  871.029175  0.00255547022  0.00150244252
  876.274109  0.00253676297  0.0014810398
  881.550598  0.00251787622  0.00145875837
  886.858826  0.00249873963  0.00143527798
  892.199158  0.00247970037  0.00141217525
  897.571533  0.00245976145  0.00138944422
  902.976318  0.00243963231  0.00136707863
  908.413574  0.00241959491  0.00134507357
  913.883606  0.00239929371  0.00132342312
  919.386597  0.00237913197  0.00130212086
  924.922729  0.00235901773  0.00128116168
  930.492188  0.00233891606  0.00126053917
  936.095154  0.00231895805  0.00124024891
  941.731812  0.0022992033  0.00122028554
  947.402588  0.00227960944  0.0012006429
  953.107361  0.00226015667  0.00118126767
  958.846497  0.00224084058  0.00116154458
  964.620239  0.00222166372  0.00114215014
  970.428772  0.00220244774  0.00112293754
  976.272217  0.00218310719  0.00110383448
  982.150818  0.00216391473  0.00108505634
  988.06488  0.0021445998  0.00106659776
  994.014526  0.00212533656  0.0010484528
  1000.  0.00210622163  0.0010306167